structure(list(State = c("District of Columbia", "Maryland", 
"Maryland", "Maryland", "Maryland", "Maryland"), County = c("District of Columbia", 
"Calvert", "Charles", "Montgomery", "Prince George's", "St Mary's"
), geometry = structure(list(structure(list(list(structure(c(-77.1731747296801, 
-77.1579636649351, -77.1541749634536, -77.1450042879812, -77.1079192187322, 
-77.0946799210776, -77.0899661189103, -77.0692892200409, -77.0674911531164, 
-77.0619974194771, -77.0562949334548, -77.0562038138321, -76.9888791347735, 
-76.9632047657439, -76.964602321899, -76.9730757812094, -76.9739729698234, 
-77.0033816510186, -77.0073695619939, -77.0330892483217, -77.0462489282959, 
-77.0535253742845, -77.0549218852172, -77.0924128960044, -77.0923167584701, 
-77.0892412551542, -77.0915372461354, -77.0925424797606, -77.0915537504613, 
-77.0926569766891, -77.0946546207587, -77.0960517650951, -77.0969490858081, 
-77.0983480076536, -77.0984526196917, -77.0979437011971, -77.0976564831082, 
-77.0951618101285, -77.0862816810272, -77.0851952070423, -77.09279754365, 
-77.092400302831, -77.0926027997093, -77.0941035416109, -77.0968013429851, 
-77.098898389769, -77.1000954493575, -77.0990951672976, -77.0997915141926, 
-77.1025847809033, -77.1047832657406, -77.1045862334981, -77.107584790321, 
-77.1086835875122, -77.1117321432565, -77.1169768054954, -77.120782163611, 
-77.1216810050349, -77.1235780931039, -77.1356547861417, -77.143640626923, 
-77.1471353119498, -77.1546258964162, -77.156823482299, -77.1597251569188, 
-77.1668177298808, -77.1700155875093, -77.1713172509897, -77.1731747296801, 
38.9423766688739, 38.9544799055445, 38.956988199399, 38.9646105069523, 
38.9932975919696, 39.0037669909224, 38.999929321967, 38.9841322523033, 
38.9826323251654, 38.9783329542626, 38.97370729164, 38.9736333785096, 
38.9215428508215, 38.9010861848812, 38.8999427887709, 38.893322648193, 
38.8926205137265, 38.8694502988695, 38.866641257973, 38.8458790801897, 
38.83624970113, 38.8299314491978, 38.8295291291332, 38.7995708275167, 
38.8087523928638, 38.8228768625977, 38.8235750385751, 38.8293822779246, 
38.8365930306303, 38.8401969228763, 38.8416966364098, 38.8417950495945, 
38.8411930601565, 38.8426935164414, 38.8464989362709, 38.8475878537331, 
38.8482024055663, 38.848205499512, 38.8497187048476, 38.8585328908098, 
38.872343568615, 38.8738462452419, 38.876149342137, 38.8792519922338, 
38.8820527202672, 38.8832518654972, 38.882949944991, 38.8810484213908, 
38.8793450846701, 38.8787407485574, 38.8812416606083, 38.8832448140951, 
38.8871467686594, 38.8880467152612, 38.8881000201157, 38.8966479342576, 
38.9072586079404, 38.9078583651158, 38.9087573211459, 38.9099441087984, 
38.9122375608893, 38.9139357018685, 38.9191339734425, 38.9209338638234, 
38.9271392560721, 38.9332393172277, 38.9369407177357, 38.940444170981, 
38.9423766688739), .Dim = c(69L, 2L)))), class = c("XY", "MULTIPOLYGON", 
"sfg")), structure(list(list(structure(c(-76.7559791639132, -76.7404584847691, 
-76.6969686064528, -76.677337679784, -76.6771435767134, -76.6701160060306, 
-76.5899686643398, -76.583624724711, -76.586899937686, -76.5867337326255, 
-76.5789303380719, -76.56986205164, -76.5655775054771, -76.5705959540201, 
-76.5693201636113, -76.5716937307383, -76.5698844431137, -76.560190440181, 
-76.5468664426917, -76.5100032171459, -76.5102014900495, -76.5051400749609, 
-76.4904932511056, -76.4696258844233, -76.4569543714903, -76.4476335024487, 
-76.4426118462366, -76.440489849615, -76.441234510608, -76.4591090251092, 
-76.4733368014534, -76.4870332025063, -76.5058852579331, -76.5222600031383, 
-76.5248626214128, -76.5415521234234, -76.5371371813296, -76.5554823041241, 
-76.5880463693862, -76.6073622794243, -76.6178213553378, -76.6513990747285, 
-76.6622226056558, -76.678032736958, -76.7081500529092, -76.7059626500676, 
-76.7279254635139, -76.7163789720721, -76.7293079888361, -76.7261534053252, 
-76.7345990228527, -76.7264952443805, -76.7262961131836, -76.7467960032818, 
-76.7373238384424, -76.7532280470457, -76.7411596655201, -76.7524294406703, 
-76.7559791639132, 38.7190912102496, 38.7567772062881, 38.7776685704286, 
38.7756873855854, 38.7349407552224, 38.7291540874631, 38.7299324096249, 
38.7220100271213, 38.7080930882421, 38.6867557660215, 38.654310556545, 
38.6377023598428, 38.624071502493, 38.598511038409, 38.5639950315801, 
38.5473530702047, 38.5371790842168, 38.5127766581827, 38.4909997139711, 
38.4593826990429, 38.456035378529, 38.4505645195306, 38.4415765059194, 
38.4228275818918, 38.404136282956, 38.39761221705, 38.3959200352705, 
38.3901459399148, 38.3693672868065, 38.3491355864468, 38.3309165620497, 
38.3325316126099, 38.3290523059293, 38.3368744950443, 38.3318872495324, 
38.3341758620838, 38.3503953173758, 38.3804690140008, 38.405735263775, 
38.4029836188568, 38.4139460756418, 38.431353097563, 38.4323609596561, 
38.4514229347096, 38.4730937845206, 38.4816885400726, 38.5075689535042, 
38.5334905270953, 38.5438758605365, 38.560875347828, 38.5885591799968, 
38.6073694793323, 38.6256590023099, 38.6445653595599, 38.6693550815549, 
38.6739328777563, 38.6895732126684, 38.6986444682297, 38.7190912102496
), .Dim = c(59L, 2L)))),